$ANSIBLE_VAULT;1.1;AES256
38323433376263353739393933373261646439326332326134643862616437623363616263343438
6638326639303963376333373331303331663432353134320a633837666162633365303838653837
63666162353838623163333665356138323666613533326661363362313061653731373466653937
3064303764626565380a303439613231393961393262633263333764633165376637646438386635
33633263386431633461646565636137383930653662343461383535653936616435343036396536
34663530363365643664303838633230626635383731333763643037333932616238353165363162
32613237383231373131383039643463376634633661343362663433396336356630363366336239
38323036393332623831643835666537373232313839653735376338636431316437303434633336
35383564633161306438343632323564623963336263393535383562353030333665303638373265
34396631613636626537653138643431386537396531323839646630326363313635396537333162
39396136306236376531303834646431366330343635343261353837623462326563303664656266
64653163353933383738346138313733313564396332636364643233376364643664346331666435
35363438613131376233613434346437656135396533653031633964643236313935356363646663
62366330343332313039313433643961623831643135613839303464633838663866323564663739
32363930643564343035363433386134383365636633623439613231636535666434306463663039
37613836323232623661383430383933373661633931616463386132353432336231636266313931
31643936386335363265326563353831333863393532386362363231396330303433303936383732
62653163656438633161386564353065396465356237613836616432656232643336393435353438
38303363343762666236396133346133663139316164633232633737666161356164653330303137
39636265396330643530623663363337303533383235323137636230356431616633396336396638
65363366396638623663663736646566333238326630313434346166313761656633333964666263
63323136343535323663366266666364636237376530643661666565663964373561326462666237
61393162316263343464333238306439353965636239623435363733393230353536323539623435
66356233366534346333
